rea Bio_Pattern Sex BirthSeas Settlement Platoon Morph Yr Seas Time Beg/Mid Era 0 1 2 3 4 5 6 7 8 9 10 11 12 13 14 15 16 17 18 19 20
1 1 1 1 1 1 1 1964 1 1964 B VIRG  27049.1 122381 270593 327578 336834 300140 265918 239961 214653 188385 169763 149250 126252 112628 86521.1 72182.9 58591 47558.5 38603.3 31334.4 135075
1 1 1 1 1 1 1 1964 1 1964.5 M VIRG  24369.7 110258 243789 295130 303469 270410 239578 216192 193391 169724 152948 134466 113746 101472 77950.8 65032.9 52787.3 42847.6 34779.5 28230.6 121695
1 1 1 1 1 1 1 1965 1 1965 B INIT  27049.1 122381 270593 327578 336834 300140 265918 239961 214653 188385 169763 149250 126252 112628 86521.1 72182.9 58591 47558.5 38603.3 31334.4 135075
1 1 1 1 1 1 1 1965 1 1965.5 M INIT  24369.7 110258 243789 295130 303469 270410 239578 216192 193391 169724 152948 134466 113746 101472 77950.8 65032.9 52787.3 42847.6 34779.5 28230.6 121695
1 1 1 1 1 1 1 1966 1 1966 B TIME  24272.7 128148 194493 181722 156248 122468 104385 96409.8 91194.5 85675.3 83006.6 78700 71546.3 68500.2 56257.5 49771 42616.9 36271.3 30694 25835.2 76359.4
1 1 1 1 1 1 1 1966 1 1966.5 M TIME  21868.4 115372 173665 160173 136271 105976 88129.5 81396.2 76993.1 72333.3 70080.3 66444.3 60404.6 57832.9 47496.7 42020.3 35980.3 30622.9 25914.1 21812 64468.2
1 1 1 1 1 1 1 1967 1 1967 B TIME  53323.6 109820 282939 231273 178845 130469 100096 82718.2 75733.2 70282.3 67799 64084.2 58461.6 56048.6 46209.9 41215.6 35476.6 30377.2 25854.1 21878.6 72844
1 1 1 1 1 1 1 1967 1 1967.5 M TIME  48041.7 98816.4 250921 200471 152162 109480 80423.6 66460.8 60848.6 56469.1 54473.8 51489.1 46971.6 45032.8 37127.8 33115.1 28504.1 24406.9 20772.7 17578.6 58527.3
1 1 1 1 1 1 1 1968 1 1968 B TIME  36125.6 241257 242205 331883 220130 142117 100274 71836.4 58847.7 52860 50370.6 47405.1 43113.1 41477.4 34242.9 30660.6 26606.7 22901.9 19610 16690.1 61148.1
1 1 1 1 1 1 1 1968 1 1968.5 M TIME  32547.2 217192 216127 292059 191529 122616 84256.5 60361.5 49447.6 44416.3 42324.6 39832.8 36226.4 34852 28773.1 25762.9 22356.6 19243.6 16477.5 14024.1 51380.5
1 1 1 1 1 1 1 1969 1 1969 B TIME  11220.5 163447 532616 287632 325581 182937 115472 78707.4 55895.2 44923.3 41434.3 38519.5 34880.7 33454.3 27715.3 24849.5 21647.7 18785.5 16169.7 13845.5 54957.1
1 1 1 1 1 1 1 1969 1 1969.5 M TIME  10109 147094 473273 250524 278986 154872 94108.4 64145.9 45554.2 36612.2 33768.6 31393.1 28427.5 27265 22587.8 20252.1 17642.7 15310 13178.2 11283.9 44789.6
1 1 1 1 1 1 1 1970 1 1970 B TIME  97391.7 50766 360593 627208 276418 262432 143109 85266.5 57613.1 40141.4 33126.9 29808.4 26663.5 25462.7 21029.9 18920.9 16505.3 14378.6 12477.5 10740.1 45699.5
1 1 1 1 1 1 1 1970 1 1970.5 M TIME  87744.6 45675 319387 542007 234109 218975 113942 67888 45870.8 31960.1 26375.2 23733 21229.1 20273 16743.7 15064.6 13141.3 11448.1 9934.44 8551.14 36385.3
1 1 1 1 1 1 1 1971 1 1971 B TIME  11175.2 440639 111941 421911 593338 217663 199433 100854 59567.1 39487.7 28250.4 22744.8 19692.3 18576.2 15276 13701.9 11994.2 10462.9 9114.79 7909.66 35777.8
1 1 1 1 1 1 1 1971 1 1971.5 M TIME  10068.3 396658 99800.7 370487 514604 187054 166512 84205.8 49734.2 32969.4 23587 18990.2 16441.7 15509.8 12754.4 11440.1 10014.3 8735.79 7610.19 6603.99 29871.8
1 1 1 1 1 1 1 1972 1 1972 B TIME  6540.55 50561.2 972647 132703 412125 489956 175460 154558 77480 44896.8 30560.6 21330.1 16523.8 15087.1 12255.5 10945.2 9551.65 8361.2 7293.75 6353.96 30454.7
1 1 1 1 1 1 1 1972 1 1972.5 M TIME  5892.68 45527 870108 117500 361866 427542 150149 132261 66302.9 38420.1 26152 18253.1 14140.1 12910.7 10487.6 9366.26 8173.75 7155.03 6241.57 5437.35 26061.3
1 1 1 1 1 1 1 1973 1 1973 B TIME  64817.5 29592.1 111667 1.16089e+06 131796 348802 407219 142844 124731 61346.1 36500.9 24239.3 16278.3 13298.6 10456.1 9224.31 8015.1 6994.62 6122.86 5341.18 26954.8
1 1 1 1 1 1 1 1973 1 1973.5 M TIME  58397 26643.4 99789.2 1.02524e+06 115279 302921 345806 121301 105920 52094.5 30996.2 20583.7 13823.4 11293 8879.2 7833.18 6806.34 5939.76 5199.47 4535.67 22889.7
1 1 1 1 1 1 1 1974 1 1974 B TIME  4800.53 293260 65344.7 132997 1.147e+06 110691 287148 326462 113519 97251.3 49113.2 28509.2 18216.2 12901.2 9075.96 7749.86 6651.85 5779.87 5043.98 4415.33 23289.3
1 1 1 1 1 1 1 1974 1 1974.5 M TIME  4325.01 263999 58283 116911 996355 95310.6 240500 273427 95077.4 81452.5 41134.5 23877.7 15256.9 10805.3 7601.53 6490.87 5571.23 4840.91 4224.56 3698.04 19505.9
1 1 1 1 1 1 1 1975 1 1975 B TIME  65725.3 36314.5 753588 74107.3 164963 1.12579e+06 121405 302994 343193 101540 85995.6 68287.1 32419.8 25177.7 16698.6 17421 14473 12422.4 10794 9419.71 51738.9
1 1 1 1 1 1 1 1975 1 1975.5 M TIME  59214.9 32695.5 673308 65418.9 144196 976913 102961 256964 291057 86114.3 72931.5 57913.3 27494.8 21352.9 14161.9 14774.5 12274.3 10535.3 9154.22 7988.71 43878.9
1 1 1 1 1 1 1 1976 1 1976 B TIME  9105.58 95640.9 44090.4 1.00498e+06 81903.3 142315 1.08056e+06 101650 300854 340114 116650 105257 52401.7 28895.5 18638 16856.4 12530 10409.7 8934.81 7763.55 43988.2
1 1 1 1 1 1 1 1976 1 1976.5 M TIME  8203.63 86119.2 39447.6 890147 71950.5 124261 925589 87071.2 257706 291335 99920.6 90161.3 44886.4 24751.4 15965 14438.9 10733 8916.73 7653.4 6650.12 37679.5
1 1 1 1 1 1 1 1977 1 1977 B TIME  249193 11489.7 316159 73041 932530 81019.2 117149 815924 79580.3 202246 230951 77636.4 65627.5 37267.7 23958.4 15450.9 9956.67 7401.16 6148.73 5277.57 30568.5
1 1 1 1 1 1 1 1977 1 1977.5 M TIME  224509 10347.8 283561 65084.3 826533 71527.3 102149 711455 69391.1 176351 201381 67696.1 57224.7 32496 20890.9 13472.6 8681.85 6453.54 5361.47 4601.85 26654.6
1 1 1 1 1 1 1 1978 1 1978 B TIME  5477.56 266629 13897.5 297281 62983.6 747976 60697.6 87976.3 631612 60704.5 153006 177276 59688.5 52697.4 28186.5 20252.3 12417.1 8001.64 5947.91 4941.41 28807.5
1 1 1 1 1 1 1 1978 1 1978.5 M TIME  4934.98 240140 12470 265181 55913.2 661649 53094.3 76956 552494 53100.4 133840 155069 52211.6 46096.3 24655.7 17715.4 10861.6 6999.32 5202.85 4322.42 25199
1 1 1 1 1 1 1 1979 1 1979 B TIME  46219 6561.72 718952 22703.1 293028 64297.1 745641 64731.7 83069.1 595012 56750.8 132884 166858 53314.8 48858 24536.3 13149.9 8062.46 5195.5 3862.01 21913.4
1 1 1 1 1 1 1 1979 1 1979.5 M TIME  41640.8 5909.55 644729 20222.6 259580 56726.4 649472 56382.9 72355.2 518270 49431.3 115745 145338 46438.5 42556.5 21371.7 11453.9 7022.6 4525.41 3363.9 19087.1
1 1 1 1 1 1 1 1980 1 1980 B TIME  583056 62010.1 14822.6 1.08652e+06 27308.6 193726 37644.6 482953 39337.2 60344.2 462615 41748.4 104177 107388 33096.8 28830.2 13114.4 7028.5 4309.3 2776.94 13776.7
1 1 1 1 1 1 1 1980 1 1980.5 M TIME  525302 55851.5 13306.2 970287 24283.2 171721 33038.6 423862 34524.1 52960.8 406011 36640.3 91430.2 94248.7 29047.2 25302.7 11509.8 6168.53 3782.04 2437.17 12091
1 1 1 1 1 1 1 1981 1 1981 B TIME  8164.22 1.12454e+06 134376 19235.6 1.0071e+06 21653.6 163079 30657.6 423651 30588.6 43773.8 349191 30403.1 83671.3 94964.4 24346.9 19291.2 8775.24 4702.98 2883.48 11076.5
1 1 1 1 1 1 1 1981 1 1981.5 M TIME  7355.51 1.01267e+06 120358 17083.4 888252 19000.5 140807 26470.7 365793 26411.2 37795.7 301502 26251 72244.3 81995.2 21021.8 16656.6 7576.81 4060.7 2489.69 9563.8
1 1 1 1 1 1 1 1982 1 1982 B TIME  7953.77 18678.7 2.09303e+06 168287 13731.1 817954 16769.9 122063 23554.4 321846 21642.5 33855.1 266751 18136.4 47243.8 55462.4 17499.9 13866 6307.4 3380.38 10034.1
1 1 1 1 1 1 1 1982 1 1982.5 M TIME  7165.91 16822.3 1.87709e+06 149927 12167.1 721884 14614.8 106377 20527.5 280486 18861.2 29504.4 232472 15805.7 41172.6 48335 15251 12084.1 5496.85 2945.97 8744.61
1 1 1 1 1 1 1 1983 1 1983 B TIME  13464.5 21525.9 17408.3 2.32879e+06 147904 11407.8 602785 16188.1 108594 22437.4 282814 22356.5 31184.3 195762 20705 52216.1 53399.3 16848.9 13350.2 6072.78 12915.5
1 1 1 1 1 1 1 1983 1 1983.5 M TIME  12130.8 19387.7 15624.2 2.07862e+06 131422 10102.7 528251 14186.4 95166.9 19663.1 247844 19592.2 27328.4 171556 18144.8 45759.6 46796.5 14765.6 11699.4 5321.89 11318.5
1 1 1 1 1 1 1 1984 1 1984 B TIME  337179 40713.6 22278.6 25762.1 2.38526e+06 130022 11882 522759 14346.1 91214.5 17109.7 234797 20982.4 23722.6 186755 22618.1 50860.7 52013.2 16411.6 13003.6 18495.4
1 1 1 1 1 1 1 1984 1 1984.5 M TIME  303780 36668.4 19988 22973.8 2.1166e+06 114956 10384.8 456890 12538.5 79721.4 14953.9 205212 18338.6 20733.5 163224 19768.2 44452.2 45459.5 14343.7 11365.2 16164.9
1 1 1 1 1 1 1 1985 1 1985 B TIME  2961.86 1.48355e+06 57687.3 29258.3 36273.8 2.35461e+06 135266 12548.8 506768 13094.8 74553.1 16004.3 163989 13339.7 11940 124946 10308.5 23180.5 23705.8 7479.81 14356.1
1 1 1 1 1 1 1 1985 1 1985.5 M TIME  2668.48 1.33625e+06 51806.1 26153.4 32301.4 2.09085e+06 119055 11044.8 446034 11525.4 65618.1 14086.2 144336 11741 10509 109972 9073.06 20402.4 20864.7 6583.37 12635.6
1 1 1 1 1 1 1 1986 1 1986 B TIME  3742.2 12980.7 1.92296e+06 58859.5 26388.5 24339.2 1.83299e+06 109496 10373.8 432457 13758.2 94725.7 17187.4 200634 18355.7 22090 139290 11491.9 25841.6 26427.2 24342.7
1 1 1 1 1 1 1 1986 1 1986.5 M TIME  3371.51 11690.2 1.72376e+06 52378.7 23343.4 21435.8 1.59208e+06 95104.3 9010.37 375618 11949.9 82275.7 14928.4 174264 15943.2 19186.6 120983 9981.51 22445.2 22953.8 21143.3
1 1 1 1 1 1 1 1987 1 1987 B TIME  110720 17605.9 9397.33 2.10659e+06 44686.6 19598.2 18302.4 1.47177e+06 86287 7762.74 303556 10839.6 55735.5 13518.7 132563 11669.2 14615.6 92159.8 7603.5 17097.8 33591.3
1 1 1 1 1 1 1 1987 1 1987.5 M TIME  99752.8 15854.1 8414.77 1.86968e+06 39375 17176.3 15772.5 1.26833e+06 74359.5 6689.68 261595 9341.22 48031.1 11650 114238 10056.1 12595.2 79420.4 6552.46 14734.4 28947.9
1 1 1 1 1 1 1 1988 1 1988 B TIME  32760.6 566759 18063.2 17311.9 2.06266e+06 45940.1 19569.8 19380.5 1.22473e+06 73829.5 6501.76 271862 8954.98 45754.7 11733.3 118953 8898.68 11145.5 70279.2 5798.27 38654.5
1 1 1 1 1 1 1 1988 1 1988.5 M TIME  29515.5 510351 16167.7 15349.1 1.8147e+06 40186.3 16812.9 16650.3 1.0522e+06 63428.8 5585.83 233563 7693.45 39309 10080.3 102196 7645.08 9575.42 60378.6 4981.44 33209.1
1 1 1 1 1 1 1 1989 1 1989 B TIME  1846.59 194401 898434 23579.5 12507.8 1.73989e+06 41794.9 15733.6 14315.7 874914 52332.3 4026.61 190792 4045.41 27354 6727.55 68031 5089.28 6374.3 40193.7 25423.2
1 1 1 1 1 1 1 1989 1 1989.5 M TIME  1663.67 175015 802013 20769.9 10898.1 1.5038e+06 35218.5 13257.9 12063.2 737247 44097.8 3393.03 160771 3408.87 23049.8 5668.97 57326.4 4288.49 5371.3 33869.2 21422.9
1 1 1 1 1 1 1 1990 1 1990 B TIME  52698 13155.8 276216 917094 23452.8 16558.2 1.38277e+06 41111.9 18357.6 10426.7 763483 46720 10436.5 183256 4367.58 34399.4 6220.57 62904.3 4705.76 5893.94 60672
1 1 1 1 1 1 1 1990 1 1990.5 M TIME  47478 11846 247136 812342 20604.5 14459.1 1.18464e+06 35221.2 15727.2 8932.71 654088 40025.8 8941.14 156998 3741.78 29470.5 5329.26 53891.1 4031.5 5049.43 51978.7
1 1 1 1 1 1 1 1991 1 1991 B TIME  16340.7 374830 21317.9 335716 943673 23811.7 13431.4 1.09759e+06 35806.3 17143.9 15878.8 523092 26415.2 3542.41 136819 7513.68 41014.9 7416.86 75001.6 5610.74 79367.5
1 1 1 1 1 1 1 1991 1 1991.5 M TIME  14722.1 337450 18798.9 278350 818272 20506 11417.2 932985 30436.4 14572.8 13497.5 444645 22453.8 3011.16 116300 6386.86 34863.9 6304.57 63753.7 4769.31 67464.9
1 1 1 1 1 1 1 1992 1 1992 B TIME  1921.68 115293 514700 20905.6 296084 823111 19993 11084.7 860062 23431.9 9228.19 7529.58 386852 25340.3 2452.91 84265.2 2340.4 12775.5 2310.24 23361.9 26469.5
1 1 1 1 1 1 1 1992 1 1992.5 M TIME  1731.33 103806 460125 17759.2 248765 710570 16670.7 9242.71 717140 19538 7694.68 6278.34 322567 21129.3 2045.29 70262.3 1951.48 10652.5 1926.33 19479.7 22070.9
1 1 1 1 1 1 1 1993 1 1993 B TIME  40127.3 12820.8 171349 601019 17201.8 200020 567532 11988.7 6056.22 512557 12723.7 12801.6 7435.09 224380 12424.5 1198.16 39069 1085.11 5923.29 1071.13 23104
1 1 1 1 1 1 1 1993 1 1993.5 M TIME  36152.5 11546.5 153675 523273 14664.1 168951 483441 10212.3 5158.87 436612 10838.4 10904.8 6333.44 191134 10583.6 1020.63 33280.2 924.33 5045.64 912.42 19680.7
1 1 1 1 1 1 1 1994 1 1994 B TIME  41979.2 250274 24487.2 201026 601657 14120.2 165440 475647 10781.7 5041.05 429492 8779.91 4773.97 3842.31 186115 11211 946.193 30852.9 856.914 4677.64 19091.1
1 1 1 1 1 1 1 1994 1 1994.5 M TIME  37821 225402 21952.8 178595 506528 11852.8 130573 375401 8509.35 3978.62 338974 6929.49 3767.83 3032.52 146890 8848.2 746.777 24350.5 676.315 3691.8 15067.6
1 1 1 1 1 1 1 1995 1 1995 B TIME  16486.4 245160 457137 22422.8 213364 512129 14471.6 122384 342909 8165.43 3741.42 314112 9018.88 4169.46 2230.78 132380 7501.41 633.109 20644.1 573.372 15904
1 1 1 1 1 1 1 1995 1 1995.5 M TIME  14853.3 220786 410478 19978.5 187819 427042 11742.3 99302.4 278237 6625.45 3035.8 254872 7317.94 3383.11 1810.06 107414 6086.66 513.707 16750.6 465.236 12904.5
1 1 1 1 1 1 1 1996 1 1996 B TIME  23368.9 87504.6 516110 547239 24341.7 180285 374934 9532.12 76809.2 217720 4301.44 2769.78 187665 6020.21 4480 1620.86 81724.9 4630.99 390.85 12744.6 10172.3
1 1 1 1 1 1 1 1996 1 1996.5 M TIME  21054.1 78732.6 450078 470944 20928.3 154274 294753 7493.65 60383.3 171160 3381.56 2177.45 147532 4732.76 3521.93 1274.24 64247.7 3640.64 307.265 10019.1 7996.91
1 1 1 1 1 1 1 1997 1 1997 B TIME  12929.8 112324 250085 589834 501874 21080.9 135392 239182 5299.19 48378.5 133563 3794.01 1357.11 122196 3036.53 1620.47 1159.69 58472.1 3313.36 279.643 16396.5
1 1 1 1 1 1 1 1997 1 1997.5 M TIME  11649 101159 224155 492540 412133 17749.7 106353 187882 4162.61 38002.2 104916 2980.27 1066.04 95987.4 2385.25 1272.91 910.956 45930.9 2602.7 219.665 12879.7
1 1 1 1 1 1 1 1998 1 1998 B TIME  24167.7 55219.5 210262 200010 479718 354979 14792.1 98234.5 154315 3780.24 39719.9 93623.7 2196.52 1089.06 79552.2 2258.98 917.764 656.799 33116.2 1876.55 9444.64
1 1 1 1 1 1 1 1998 1 1998.5 M TIME  21773.8 49707.3 186746 158151 398264 270515 11620.4 77171.7 121228 2969.7 31203.4 73549.5 1725.55 855.549 62495.1 1774.62 720.983 515.972 26015.6 1474.19 7419.58
1 1 1 1 1 1 1 1999 1 1999 B TIME  160437 174488 139072 274054 150212 345333 221972 9645.93 57835.8 109772 2291.94 24242.9 60840 1470.54 638.646 53521.1 1430.46 581.159 415.907 20970.3 7168.96
1 1 1 1 1 1 1 1999 1 1999.5 M TIME  144545 157058 118594 221978 112530 272735 171774 7464.58 44756.7 84947.9 1773.64 18760.6 47081.5 1137.99 494.221 41417.7 1106.97 449.735 321.853 16228 5547.75
1 1 1 1 1 1 1 2000 1 2000 B TIME  4719.35 1.62699e+06 336275 191148 300060 130845 293581 173746 7604.19 47437.4 76294.9 1819.19 15544.8 45294.6 876.333 485.93 36549.6 976.864 396.875 284.024 19216.3
1 1 1 1 1 1 1 2000 1 2000.5 M TIME  4251.87 1.46547e+06 300842 163465 255040 107247 230651 136503 5974.22 37269.1 59941 1429.24 12212.7 35585.6 688.49 381.77 28715.2 767.472 311.804 223.143 15097.3
1 1 1 1 1 1 1 2001 1 2001 B TIME  14978.5 12988.9 1.99285e+06 405304 192941 249820 99509.5 217903 126043 5479.96 33656.1 56506.4 1280.86 11771 29553.5 604.257 313.816 23603.9 630.864 256.304 12593.4
1 1 1 1 1 1 1 2001 1 2001.5 M TIME  13494.8 11698.2 1.78728e+06 349954 157397 204785 80312.5 175866 101727 4422.78 27163.3 45605.4 1033.76 9500.16 23852.2 487.686 253.276 19050.4 509.16 206.858 10163.9
1 1 1 1 1 1 1 2002 1 2002 B TIME  428.629 60870.9 73729.5 2.55784e+06 377968 160527 191514 73662.2 160723 89463.4 3721.23 22706.2 37183.4 766.447 8219.79 20503.4 426.041 221.261 16642.3 444.8 9059.9
1 1 1 1 1 1 1 2002 1 2002.5 M TIME  386.171 54832 66280.4 2.27213e+06 325335 134525 162236 62401 136152 75786.6 3152.35 19234.9 31498.9 649.276 6963.19 17369 360.91 187.436 14098.1 376.801 7674.87
1 1 1 1 1 1 1 2003 1 2003 B TIME  20849.6 2319.46 166666 72422 2.30508e+06 272035 104570 125361 46515.4 97336.8 52974.9 2586.32 15137.7 21298.3 501.067 5224.93 13867.6 288.154 149.651 11256.1 6428.54
1 1 1 1 1 1 1 2003 1 2003.5 M TIME  18784.4 2089.46 149940 64673.3 2.01416e+06 231645 88485.3 106078 39360.5 82364.8 44826.5 2188.5 12809.3 18022.2 423.994 4421.25 11734.5 243.831 126.632 9524.72 5439.72
1 1 1 1 1 1 1 2004 1 2004 B TIME  1163.01 121963 3764.55 230551 63747.9 1.79162e+06 217129 69918.7 85400 31634 68039.1 42315.3 1607.65 11351.4 16673.9 382.016 3363.5 8927.11 185.497 96.3362 11384.3
1 1 1 1 1 1 1 2004 1 2004.5 M TIME  1047.81 109826 3360.09 199858 49599 1.50077e+06 177234 57072 69708.8 25821.6 55537.7 34540.4 1312.27 9265.69 13610.3 311.825 2745.5 7286.86 151.414 78.6356 9292.59
1 1 1 1 1 1 1 2005 1 2005 B TIME  32652.3 7362.1 238137 6464.55 202100 43294.8 1.34294e+06 141498 43171.5 60775.3 23656.1 45637.4 26643.2 1055.46 8923.27 12457.2 274.958 2420.9 6425.34 133.512 8263.27
1 1 1 1 1 1 1 2005 1 2005.5 M TIME  29418 6630.98 213798 5709.75 169270 33274.7 1.07639e+06 113413 34602.6 48712.3 18960.8 36579.1 21354.9 845.971 7152.14 9984.64 220.383 1940.39 5150.01 107.012 6623.14
1 1 1 1 1 1 1 2006 1 2006 B TIME  24538.6 235512 19690.6 337363 6248 160002 28025.3 907837 94116 29627.3 40332.8 13781.1 28048.9 13888.9 570.757 4781.72 7897 174.304 1534.68 4073.22 5322.98
1 1 1 1 1 1 1 2006 1 2006.5 M TIME  22107.9 211929 16663.5 285175 5085.79 123561 21656.8 701540 72729.1 22894.8 31167.6 10649.5 21675.1 10732.8 441.059 3695.12 6102.49 134.695 1185.94 3147.62 4113.39
1 1 1 1 1 1 1 2007 1 2007 B TIME  327.246 59888.7 327255 13899.3 282002 4286.25 100955 17919.2 587096 60443.1 19527.9 25306.1 9274.7 18799.9 10093.8 463.286 2600.7 4295.05 94.8012 834.688 5110.44
1 1 1 1 1 1 1 2007 1 2007.5 M TIME  294.831 53909.7 287353 11274.4 227880 3475.33 76908.7 13651 447254 46046 14876.5 19278.4 7065.54 14321.9 7689.58 352.935 1981.23 3272 72.2204 635.872 3893.17
1 1 1 1 1 1 1 2008 1 2008 B TIME  65846.4 2415.77 266084 452992 13635.5 218999 3498.07 65777.2 11664.9 379451 37231.2 11846.7 16334.7 5129.9 11076 6095 257.555 1445.81 2387.75 52.703 3305.08
1 1 1 1 1 1 1 2008 1 2008.5 M TIME  59324 2171.84 233639 366714 11390.3 166918 2552.66 47999.8 8512.26 276898 27168.9 8644.92 11920 3743.46 8082.56 4447.72 187.947 1055.06 1742.42 38.4592 2411.83
1 1 1 1 1 1 1 2009 1 2009 B TIME  17725.7 234537 3551.13 288471 342938 10767.1 133958 1883.66 38340.7 7198.83 215036 21549.7 7929.17 8718.94 3375.3 6899.61 4025.51 170.105 954.903 1577.02 2217.69
1 1 1 1 1 1 1 2009 1 2009.5 M TIME  15969.9 211214 3167.09 243288 284614 9095.89 105350 1481.38 30152.7 5661.45 169113 16947.5 6235.82 6856.93 2654.47 5426.13 3165.83 133.778 750.975 1240.23 1744.08
1 1 1 1 1 1 1 2010 1 2010 B TIME  187528 100439 663312 3366.89 259064 265786 7938.56 103212 1817.18 32651.5 5186.34 151871 13958.7 5438.64 4566.21 1965.36 3725.14 2173.4 91.8409 515.558 2048.79
1 1 1 1 1 1 1 2010 1 2010.5 M TIME  168953 90447.9 582601 2819.96 188673 207962 6450.78 83869 1476.62 26532.2 4214.36 123408 11342.7 4419.37 3710.44 1597.03 3027 1766.08 74.6288 418.936 1664.82
1 1 1 1 1 1 1 2011 1 2011 B TIME  6132.22 797959 183769 708166 3130.02 163101 182606 5372.43 69661 1029.89 20519.1 3841.61 121165 11114.6 3369.01 3857.6 1325.2 2511.78 1465.48 61.9264 1729.08
1 1 1 1 1 1 1 2011 1 2011.5 M TIME  5524.8 717998 162612 531881 2552.08 133987 151752 4464.65 57890.5 855.873 17052 3192.5 100692 9236.56 2799.76 3205.79 1101.28 2087.37 1217.86 51.4628 1436.92
1 1 1 1 1 1 1 2012 1 2012 B TIME  17644.9 38915.3 1.64191e+06 207081 508067 2630.79 140467 146394 4276.21 51141.6 737.2 13966.4 2379.1 78153.5 7410.77 2077.2 2725.71 936.363 1774.78 1035.48 1265.49
1 1 1 1 1 1 1 2012 1 2012.5 M TIME  15897.1 35018.4 1.45481e+06 177140 411956 2215.38 118243 123232 3599.65 43050.3 620.564 11756.7 2002.69 65788.5 6238.27 1748.56 2294.46 788.216 1493.98 871.65 1065.27
1 1 1 1 1 1 1 2013 1 2013 B TIME  5098.93 109272 70205.1 2.16039e+06 201280 416431 2388.72 108682 109788 3239.8 39902.1 583.063 12631.9 1956.57 59820.6 5579.89 1646.82 2160.96 742.355 1407.06 1824.23
1 1 1 1 1 1 1 2013 1 2013.5 M TIME  4593.86 98409.6 62880.4 1.86135e+06 173066 354103 1936.62 88112.3 89008.6 2626.62 32350 472.709 10241.1 1586.26 48498.7 4523.81 1335.13 1751.97 601.853 1140.75 1478.96
1 1 1 1 1 1 1 2014 1 2014 B TIME  125200 24452.3 278796 91828.6 2.13991e+06 169875 338683 1554.54 65702.9 70819.8 1780.34 30575.3 361.784 6405.1 1112.1 38940.4 3679.43 1085.93 1424.96 489.516 2130.74
1 1 1 1 1 1 1 2014 1 2014.5 M TIME  112798 22013.3 247303 78227 1.83667e+06 144362 277989 1275.96 53928.6 58128.6 1461.3 25096.1 296.951 5257.27 912.81 31962.1 3020.06 891.325 1169.6 401.793 1748.9
1 1 1 1 1 1 1 2015 1 2015 B TIME  1145.74 433333 47635.6 209959 63212.7 1.54716e+06 126547 236399 1140.4 46205.6 47744.9 1438.79 16845.1 244.576 4952.57 967.556 30980.8 2927.34 863.959 1133.69 2084.66
1 1 1 1 1 1 1 2015 1 2015.5 M TIME  1032.25 389840 42523.3 182926 54417.3 1.32389e+06 109357 204287 985.49 39929 41259.2 1243.35 14556.9 211.353 4279.81 836.122 26772.3 2529.69 746.598 979.688 1801.48
1 1 1 1 1 1 1 2016 1 2016 B TIME  63301.7 8400.48 1.12699e+06 58852.2 169741 46434.7 1.116e+06 87838.4 153267 646.949 32503.6 35748.9 766.561 10245.3 260.201 5365.16 913.921 29263.4 2765.07 816.067 3039.95
1 1 1 1 1 1 1 2016 1 2016.5 M TIME  57031.4 7527.71 957523 50539.9 142554 38849.8 932027 73358.4 128001 540.301 27145.5 29855.7 640.195 8556.42 217.307 4480.73 763.264 24439.4 2309.25 681.54 2538.82
1 1 1 1 1 1 1 2017 1 2017 B TIME  31686.6 386053 12711.8 1.33788e+06 53246.7 146838 39335.1 909794 68070.1 127954 539.244 24129.5 26167.3 675.157 7343.08 111.555 2112.12 359.786 11520.2 1088.53 1518.01
1 1 1 1 1 1 1 2017 1 2017.5 M TIME  28547.9 345260 10916.5 1.13203e+06 43518.2 120240 30991.7 716816 53631.6 100813 424.865 19011.3 20616.9 531.949 5785.53 87.8928 1664.11 283.471 9076.65 857.642 1196.02
1 1 1 1 1 1 1 2018 1 2018 B TIME  5419.41 251814 778864 13943.3 1.20096e+06 40539 106509 28274 614258 47293.6 82642.2 369.384 14957.1 15564.3 500.529 6119.75 83.0779 1572.95 267.943 8579.42 1941.16
1 1 1 1 1 1 1 2018 1 2018.5 M TIME  4882.59 222459 657134 11973.2 1.02151e+06 34348.2 84131.2 22333.6 485202 37357.2 65279.1 291.777 11814.6 12294.2 395.368 4833.99 65.6232 1242.47 211.648 6776.88 1533.32
1 1 1 1 1 1 1 2019 1 2019 B TIME  31577.1 15194.3 295945 689908 10749.6 903251 29325.6 70020.1 17787 401397 29111.5 54931.5 220.043 11404.3 9110.14 276.231 2831.3 38.436 727.726 123.963 4867.34
1 1 1 1 1 1 1 2019 1 2019.5 M TIME  28449.2 13665 252583 578748 9129.87 741101 22434.9 53567.3 13607.5 307080 22271.1 42024.1 168.339 8724.57 6969.51 211.324 2166.02 29.4046 556.73 94.8355 3723.65
1 1 1 1 1 1 1 2020 1 2020 B FORE  29872.4 163117 52226 318309 510313 7939.86 614503 18122.2 41933.4 10286.4 247471 19474.1 34131.8 164.021 7793.25 8770.95 227.6 2332.84 31.6692 599.608 4112.57
1 1 1 1 1 1 1 2020 1 2020.5 M FORE  26913.4 145122 43192.1 258938 402342 6162.24 456732 13469.4 31167.2 7645.41 183934 14474.2 25368.6 121.91 5792.37 6519.05 169.165 1733.89 23.5383 445.661 3056.69
1 1 1 1 1 1 1 2021 1 2021 B FORE  29081.1 161245 291842 51625.7 234826 339429 5094.44 366210 10449.6 23950.9 6009.34 151506 10854.5 21312.4 108.304 4893.6 4845.32 125.732 1288.72 17.4949 2603.14
1 1 1 1 1 1 1 2021 1 2021.5 M FORE  26200.5 143456 241360 41996.5 185142 263436 3786.47 272187 7766.74 17801.6 4466.47 112607 8067.63 15840.5 80.4973 3637.19 3601.3 93.4512 957.851 13.0032 1934.79
1 1 1 1 1 1 1 2022 1 2022 B FORE  28603 156973 288492 288488 38085.8 156192 217788 3036.01 211164 5968.48 13992.2 3679.01 84446 6777.68 14072.6 68.007 2703.36 2676.69 69.4581 711.927 1447.71
1 1 1 1 1 1 1 2022 1 2022.5 M FORE  25769.7 139695 239042 235210 30116.4 121623 162561 2266.14 157618 4455.01 10444.1 2746.1 63032.4 5059.01 10504.1 50.7619 2017.85 1997.94 51.8451 531.398 1080.6