Yr	Seas	Time	Beg/Mid	0	1	2	3	4	5	6	7	8	9	10	11	12	13	14	15	16	17	18	19	20
1980	1	1980	B	1.29E+07	775126	69753.5	2.40E+06	69629.2	395037	72870	736883	55125	69043.7	435361	35918.8	80769.7	82600	26062.5	20650.5	9393.6	5034.38	3086.67	1989.07	9867.96
1980	1	1980	M	1.16E+07	698144	62617.6	2.14E+06	61915.5	350165	63953.9	646722	48380.2	60595.9	382092	31523.9	70887.1	72493.4	22873.6	18123.8	8244.24	4418.4	2709	1745.7	8660.57
1981	1	1981	B	194850	1.05E+07	628808	56211.7	1.91E+06	55056.3	310390	56128.9	567592	42460.6	53181.6	335341	27666.8	62213.7	63623.5	20074.9	15906.3	7235.52	3877.79	2377.54	9133
1981	1	1981	M	175549	9.43E+06	563211	49922.4	1.69E+06	48310.4	268000	48463.4	490077	36661.8	45918.7	289544	23888.4	53717.3	54934.5	17333.3	13734	6247.37	3348.2	2052.84	7885.72
1982	1	1982	B	206056	158160	8.49E+06	504457	44336.8	1.49E+06	42391	231400	41844.8	423147	31654.9	39647.6	250001	20626	46381.1	47432.1	14966.1	11858.3	5394.17	2890.94	8581.26
1982	1	1982	M	185645	142441	7.61E+06	449422	39286.6	1.31E+06	36943.4	201663	36467.4	368770	27587	34552.6	217874	17975.4	40420.8	41336.7	13042.8	10334.5	4700.98	2519.43	7478.5
1983	1	1983	B	381432	167256	128285	6.83E+06	400391	34811.6	1.16E+06	32195.9	175748	31781	321380	24041.9	30112.3	189876	15665.4	35226.4	36024.6	11366.7	9006.4	4096.86	8713.12
1983	1	1983	M	343649	150643	115138	6.10E+06	355772	30829.2	1.02E+06	28214.9	154017	27851.4	281641	21069.1	26388.9	166398	13728.4	30870.7	31570.2	9961.25	7892.77	3590.29	7635.75
1984	1	1984	B	1.05E+07	309609	135679	103338	5.44E+06	316125	27302.3	890257	24726.2	134973	24407.6	246817	18463.9	23126	145823	12030.9	27053.6	27666.6	8729.56	6916.83	9837.96
1984	1	1984	M	9.46E+06	278847	121729	92153.2	4.83E+06	279494	23862.2	778083	21610.6	117966	21332.2	215718	16137.5	20212.1	127449	10515	23644.8	24180.6	7629.62	6045.3	8598.36
1985	1	1985	B	102842	8.53E+06	251142	109214	82179	4.28E+06	247107	20855.5	680044	18887.7	103102	18644.3	188537	14104.1	17665.3	111390	9190.08	20665.5	21133.8	6668.28	12798.5
1985	1	1985	M	92655.4	7.68E+06	225538	97623.6	73179.3	3.80E+06	217492	18356	598542	16624	90745.5	16409.8	165941	12413.8	15548.2	98040.4	8088.67	18188.8	18601	5869.1	11264.7
1986	1	1986	B	146753	83477.5	6.92E+06	202545	87263.6	65165.2	3.38E+06	191426	16156.1	526808	14631.7	79869.9	14443.2	146054	10926	13684.8	86290.5	7119.26	16008.9	16371.7	15080.3
1986	1	1986	M	132216	75178.2	6.20E+06	180243	77193.9	57391.6	2.93E+06	166266	14032.7	457569	12708.6	69372.4	12544.9	126857	9489.99	11886.1	74949.1	6183.56	13904.8	14219.9	13098.3
1987	1	1987	B	4.99E+06	119120	67704.1	5.56E+06	160397	68286.2	50545.3	2.55E+06	144413	12188.3	397429	11038.3	60254.6	10896	110184	8242.69	10323.9	65098.4	5370.84	12077.3	23727.7
1987	1	1987	M	4.49E+06	107268	60625.1	4.93E+06	141332	59847.6	43558.3	2.20E+06	124451	10503.5	342492	9512.44	51925.6	9389.88	94953.3	7103.3	8896.83	56099.7	4628.42	10407.8	20447.8
1988	1	1988	B	1.72E+06	4.05E+06	96594.7	54286.3	4.38E+06	124533	52451.9	37537.2	1.89E+06	107248	9051.6	295149	8197.53	44747.8	8091.9	81827.8	6121.4	7667.01	48345	3988.63	26590.4
1988	1	1988	M	1.55E+06	3.65E+06	86458.5	48131.3	3.85E+06	108935	45062.7	32249.2	1.63E+06	92139.5	7776.46	253570	7042.7	38444	6951.96	70300.4	5259.05	6586.93	41534.4	3426.73	22844.5
1989	1	1989	B	117617	1.40E+06	3.28E+06	77385.8	42674.1	3.39E+06	95291.6	38714.6	27706.1	1.40E+06	79159.4	6680.95	217849	6050.57	33028.2	5972.61	60396.8	4518.19	5659	35683.3	22570.3
1989	1	1989	M	105967	1.26E+06	2.93E+06	68165.1	37182.2	2.93E+06	80297.6	32622.8	23346.6	1.18E+06	66703.7	5629.71	183570	5098.51	27831.3	5032.82	50893.4	3807.25	4768.56	30068.6	19018.9
1990	1	1990	B	3.38E+06	95470.1	1.13E+06	2.62E+06	60043.1	32397.1	2.53E+06	67662.8	27489.7	19673	991923	56207.9	4743.88	154686	4296.27	23452	4240.91	42885.4	3208.18	4018.23	41363.5
1990	1	1990	M	3.04E+06	85965.5	1.01E+06	2.32E+06	52750.8	28290.1	2.17E+06	57967.8	23550.8	16854.2	849796	48154.2	4064.16	132522	3680.68	20091.7	3633.25	36740.6	2748.5	3442.48	35436.8
1991	1	1991	B	1.05E+06	2.74E+06	77407.2	908076	2.05E+06	46344.2	24703.8	1.86E+06	49661.9	20176.4	14439.2	728034	41254.5	3481.83	113533	3153.3	17212.9	3112.67	31476.3	2354.69	33308.5
1991	1	1991	M	943726	2.47E+06	68260.5	752908	1.78E+06	39910.5	20999	1.58E+06	42214.2	17150.5	12273.8	618852	35067.6	2959.66	96506.9	2680.4	14631.5	2645.87	26755.8	2001.56	28313.3
1992	1	1992	B	123979	850245	2.22E+06	60194.6	624254	1.54E+06	34370	17849.8	1.34E+06	35883.4	14578.5	10433.1	526043	29808.6	2515.81	82033.9	2278.43	12437.2	2249.07	22743.3	25768.6
1992	1	1992	M	111699	765531	1.99E+06	51135	524490	1.33E+06	28658.5	14883.6	1.12E+06	29920.4	12155.9	8699.38	438627	24855.1	2097.74	68401.8	1899.8	10370.5	1875.33	18963.9	21486.4
1993	1	1993	B	2.59E+06	100634	689258	1.78E+06	43438.9	440669	1.15E+06	23896.1	12410.3	933450	24948.3	10135.9	7253.74	365738	20724.7	1749.14	57035	1584.1	8647.13	1563.69	33728.4
1993	1	1993	M	2.33E+06	90632.2	618163	1.55E+06	37030.6	372221	979617	20355.5	10571.5	795141	21251.8	8634.05	6178.96	311547	17654	1489.97	48584.2	1349.39	7365.89	1332	28730.9
1994	1	1994	B	2.73E+06	2.10E+06	81624.1	554401	1.35E+06	31567.7	314405	834468	17339.4	9005.1	677326	18102.9	7354.75	5263.43	265385	15038.2	1269.21	41385.5	1149.45	6274.5	25608.5
1994	1	1994	M	2.46E+06	1.89E+06	73176	492539	1.13E+06	26498.6	248143	658599	13685	7107.22	534575	14287.6	5804.69	4154.13	209454	11868.8	1001.71	32663.3	907.196	4952.11	20211.4
1995	1	1995	B	1.07E+06	2.21E+06	1.70E+06	65602.2	437580	954218	22243.5	195845	519795	10800.8	5609.33	421910	11276.4	4581.32	3278.62	165310	9367.39	790.596	25779.3	715.999	19860.1
1995	1	1995	M	964502	1.99E+06	1.53E+06	58450.8	385190	795680	18048.4	158909	421763	8763.83	4551.43	342339	9149.72	3717.3	2660.29	134133	7600.73	641.492	20917.4	580.964	16114.6
1996	1	1996	B	1.53E+06	868964	1.79E+06	1.37E+06	52078.9	339073	663483	14644.5	128939	342220	7110.99	3693.04	277775	7424.1	3016.22	2158.56	108836	6167.25	520.508	16972.4	13546.8
1996	1	1996	M	1.38E+06	781853	1.56E+06	1.18E+06	44775.9	290152	521595	11512.7	101365	269035	5590.28	2903.27	218372	5836.43	2371.19	1696.95	85561	4848.36	409.196	13342.8	10649.8
1997	1	1997	B	845083	1.24E+06	703475	1.36E+06	1.02E+06	38497	248290	410050	9050.71	79687.9	211501	4394.78	2282.4	171672	4588.29	1864.11	1334.05	67263.5	3811.52	321.688	18861.7
1997	1	1997	M	761374	1.12E+06	630536	1.14E+06	835799	32413.7	195036	322101	7109.49	62596.3	166138	3452.18	1792.86	134852	3604.19	1464.29	1047.92	52836.7	2994.02	252.692	14816.2
1998	1	1998	B	1.59E+06	685956	1.01E+06	565159	951633	686348	27291.6	153204	253016	5584.63	49170.5	130504	2711.75	1408.33	105928	2831.15	1150.22	823.159	41504.1	2351.86	11836.9
1998	1	1998	M	1.43E+06	617482	893096	446881	790050	523037	21439.9	120355	198766	4387.21	38627.7	102522	2130.31	1106.36	83215.9	2224.11	903.601	646.663	32605.1	1847.59	9298.89
1999	1	1999	B	1.06E+07	1.29E+06	555843	793211	353356	655903	398584	16842.9	94549.3	156148	3446.53	30345.4	80540.1	1673.54	869.142	65373.3	1747.23	709.856	508.009	25614.1	8756.52
1999	1	1999	M	9.51E+06	1.16E+06	473998	642483	264715	518015	308448	13034	73167.7	120836	2667.13	23483	62326.6	1295.08	672.592	50589.6	1352.11	549.328	393.127	19821.7	6776.3
2000	1	2000	B	312540	8.57E+06	1.05E+06	404204	520396	198309	409115	238695	10086.5	56621.4	93510.1	2063.98	18172.5	48231.9	1002.21	520.491	39149.1	1046.34	425.101	304.224	20583
2000	1	2000	M	281581	7.72E+06	935454	345665	442316	162545	321421	187530	7924.42	44484.5	73466.1	1621.56	14277.2	37893.3	787.386	408.923	30757.5	822.056	333.98	239.013	16171
2001	1	2001	B	991953	253689	6.95E+06	836887	295604	375951	133230	252524	147333	6225.81	34949.2	57718.5	1273.98	11216.9	29770.8	618.608	321.27	24164.6	645.847	262.391	12892.5
2001	1	2001	M	893696	228480	6.23E+06	722597	241148	308179	107528	203808	118910	5024.75	28206.9	46583.7	1028.2	9052.94	24027.6	499.269	259.291	19502.8	521.253	211.772	10405.3
2002	1	2002	B	28575.3	805171	205776	5.59E+06	623915	196724	252624	86783.9	164490	95970.2	4055.39	22765.3	37596.9	829.847	7306.48	19392.2	402.952	209.27	15740.4	420.694	8568.9
2002	1	2002	M	25744.7	725290	184986	4.97E+06	537034	164859	214004	73516.8	139343	81298.7	3435.42	19285.1	31849.3	702.984	6189.5	16427.7	341.35	177.278	13334.1	356.381	7258.93
2003	1	2003	B	1.39E+06	23194.6	653335	166296	4.41E+06	462252	138156	181288	62277.9	118041	68870.1	2910.23	16336.9	26980.3	595.515	5243.28	13916.3	289.166	150.176	11295.6	6451.12
2003	1	2003	M	1.25E+06	20894.6	587771	148504	3.85E+06	393620	116905	153403	52698.5	99884.5	58276.7	2462.59	13824	22830.3	503.915	4436.77	11775.7	244.688	127.077	9558.18	5458.83
2004	1	2004	B	78054.7	1.13E+06	18822.7	528786	132615	3.37E+06	335179	98922.9	129807	44592.6	84520.6	49312.8	2083.8	11697.6	19318.6	426.404	3754.32	9964.41	207.05	107.53	12707.1
2004	1	2004	M	70323	1.02E+06	16800.5	458390	103181	2.82E+06	273594	80747	105956	36399.2	68990.9	40252.2	1700.93	9548.32	15769	348.058	3064.51	8133.57	169.007	87.7727	10372.3
2005	1	2005	B	2.19E+06	63357.2	914856	14995.5	397366	80279.6	2.36E+06	223324	65910.7	86488.2	29711.3	56314.7	32856.3	1388.4	7793.93	12871.7	284.106	2501.44	6639.12	137.954	8538.2
2005	1	2005	M	1.97E+06	57065.2	821352	13244.6	332815	61699.8	1.89E+06	178998	52828.5	69321.7	23814.1	45137.1	26334.8	1112.83	6246.96	10316.8	227.716	2004.95	5321.36	110.573	6843.5
2006	1	2006	B	1.66E+06	1.78E+06	51398.1	737404	11698.2	278750	47420.1	1.52E+06	143470	42342.8	55562.4	19087.4	36178.1	21107.8	891.948	5007.04	8269.11	182.518	1607	4265.15	5573.8
2006	1	2006	M	1.49E+06	1.60E+06	43496.5	623334	9522.16	215264	36644.4	1.17E+06	110868	32720.9	42936.4	14750	27957	16311.3	689.262	3869.24	6390.04	141.042	1241.82	3295.94	4307.21
2007	1	2007	B	22111.2	1.35E+06	1.44E+06	36809.6	526909	7750.91	166237	28317.4	906711	85674.1	25285.4	33179.6	11398.2	21604.1	12604.7	532.635	2990	4937.97	108.992	959.632	5875.42
2007	1	2007	M	19921	1.21E+06	1.26E+06	29858.1	425785	6284.5	126640	21572.4	690740	65267.2	19262.6	25276.5	8683.23	16458.2	9602.37	405.766	2277.8	3761.79	83.031	731.056	4475.94
2008	1	2008	B	4.33E+06	17947.8	1.09E+06	1.11E+06	24219.4	344068	5095.52	96475.8	16434	526212	49721.1	14674.4	19255.8	6614.96	12538	7315.17	309.116	1735.25	2865.76	63.2537	3966.74
2008	1	2008	M	3.90E+06	16135.5	957535	899029	20231.5	262243	3718.37	70401.6	11992.5	383995	36283.2	10708.4	14051.6	4827.16	9149.38	5338.12	225.572	1266.27	2091.24	46.1584	2894.66
2009	1	2009	B	1.14E+06	3.52E+06	14506.2	840777	727798	16900.2	199878	2713.42	51374.4	8751.31	280214	26477.1	7814.3	10254	3522.54	6676.61	3895.41	164.608	924.04	1526.05	2146.01
2009	1	2009	M	1.02E+06	3.17E+06	12937.5	709087	604020	14277	157192	2133.94	40402.9	6882.39	220371	20822.6	6145.48	8064.12	2770.27	5250.76	3063.51	129.454	726.703	1200.15	1687.71
2010	1	2010	B	1.16E+07	922306	2.85E+06	11538.3	598024	501293	12061	123622	1678.22	31774.5	5412.59	173309	16375.8	4833.06	6341.96	2178.65	4129.41	2409.27	101.808	571.509	2271.13
2010	1	2010	M	1.05E+07	830559	2.50E+06	9664.02	435533	392234	9800.63	100454	1363.7	25819.6	4398.2	140829	13306.7	3927.28	5153.39	1770.35	3355.51	1957.74	82.7279	464.401	1845.49
2011	1	2011	B	371650	9.45E+06	747939	2.20E+06	8094.17	317193	306901	7963.87	81627.6	1108.13	20980.7	3573.92	114436	10812.9	3191.26	4187.58	1438.56	2726.64	1590.83	67.2236	1876.99
2011	1	2011	M	334836	8.51E+06	661831	1.65E+06	6599.63	260574	255045	6618.23	67835.1	920.888	17435.6	2970.04	95099.7	8985.85	2652.04	3480.01	1195.49	2265.92	1322.03	55.8649	1559.84
2012	1	2012	B	1.04E+06	301669	7.65E+06	585636	1.24E+06	5381.04	214062	211950	5499.95	56373.1	765.286	14489.5	2468.2	79030.8	7467.52	2203.93	2892	993.488	1883.05	1098.65	1342.7
2012	1	2012	M	935125	271460	6.78E+06	500961	1.01E+06	4531.36	180194	178416	4629.78	47454	644.206	12197.1	2077.69	66526.9	6286.05	1855.23	2434.44	836.303	1585.13	924.828	1130.26
2013	1	2013	B	293042	842497	244277	6.01E+06	428529	815891	3815.85	151685	150188	3897.27	39946	542.283	10267.3	1748.97	56001.3	5291.5	1561.71	2049.27	703.987	1334.33	1729.95
2013	1	2013	M	264015	758748	218791	5.18E+06	368460	693775	3093.65	122976	121763	3159.66	32385.7	439.648	8324.05	1417.95	45402.2	4290	1266.13	1661.42	570.747	1081.79	1402.53
2014	1	2014	B	7.03E+06	237863	683324	195964	4.46E+06	316812	589937	2508.13	99701	98717.3	2561.64	26256.2	356.438	6748.6	1149.58	36809.2	3478.06	1026.5	1346.97	462.725	2014.12
2014	1	2014	M	6.34E+06	214138	606136	166938	3.83E+06	269231	484217	2058.66	81834.1	81026.7	2102.58	21550.9	292.562	5539.22	943.571	30212.8	2854.77	842.542	1105.59	379.802	1653.18
2015	1	2015	B	62608.7	5.71E+06	192779	537667	142211	3.29E+06	228796	397443	1689.74	67169	66506.3	1725.79	17688.9	240.134	4546.56	774.478	24798.5	2343.18	691.554	907.46	1668.66
2015	1	2015	M	56407	5.14E+06	172090	468441	122424	2.81E+06	197716	343454	1460.2	58044.7	57472	1491.36	15286	207.514	3928.95	669.272	21429.9	2024.88	597.613	784.19	1441.99
2016	1	2016	B	3.39E+06	50819.6	4.62E+06	153621	408129	105390	2.41E+06	170859	296799	1261.85	50159.9	49665	1288.77	13209.6	179.325	3395.24	578.358	18518.8	1749.82	516.433	1923.78
2016	1	2016	M	3.05E+06	45539.7	3.93E+06	131924	342759	88174.7	2.01E+06	142693	247872	1053.83	41891.1	41477.8	1076.32	11032	149.764	2835.54	483.017	15466	1461.37	431.3	1606.65
2017	1	2017	B	1.66E+06	2.75E+06	40808.3	3.34E+06	113291	287860	73771.8	1.68E+06	119170	207011	880.112	34985.5	34640.3	898.891	9213.4	125.075	2368.11	403.393	12916.5	1220.46	1701.99
2017	1	2017	M	1.49E+06	2.46E+06	35045.1	2.82E+06	92591.8	235718	58123.9	1.32E+06	93892.9	163102	693.43	27564.7	27292.7	708.226	7259.13	98.5456	1865.81	317.829	10176.8	961.59	1340.98
2018	1	2018	B	276500	1.35E+06	2.20E+06	30095.7	2.39E+06	75674.7	193021	45795.2	1.04E+06	73977.2	128506	546.346	21717.9	21503.6	558.003	5719.39	77.6429	1470.05	250.414	8018.15	1814.17
2018	1	2018	M	249112	1.19E+06	1.85E+06	25843.3	2.03E+06	64118.3	152467	36173.6	822934	58434.5	101507	431.558	17154.9	16985.7	440.767	4517.74	61.3301	1161.19	197.802	6333.54	1433.01
2019	1	2019	B	1.58E+06	224436	1.05E+06	1.56E+06	22191.7	1.73E+06	54326.7	120434	28573.5	650035	46157.4	80180.2	340.888	13550.7	13417	348.161	3568.56	48.4446	917.224	156.243	6134.79
2019	1	2019	M	1.42E+06	201846	896957	1.31E+06	18847.8	1.42E+06	41561.4	92135	21859.5	497295	35311.7	61340.1	260.788	10366.6	10264.4	266.353	2730.05	37.0615	701.702	119.53	4693.28
2020	1	2020	B	1.56E+06	1.28E+06	181529	765534	1.10E+06	16007.8	1.16E+06	31795.6	70485.8	16723.1	380444	27014.4	46926.8	199.51	7930.77	7852.52	203.767	2088.56	28.353	536.821	3681.93
2020	1	2020	M	1.41E+06	1.14E+06	150129	622747	867977	12423.9	864467	23632.2	52388.9	12429.5	282767	20078.6	34878.6	148.287	5894.58	5836.42	151.451	1552.33	21.0735	398.995	2736.61
2021	1	2021	B	1.52E+06	1.27E+06	1.01E+06	124160	506593	684333	9642.36	642519	17564.8	38938.3	9238.32	210168	14923.5	25923.7	110.215	4381.17	4337.95	112.567	1153.78	15.663	2330.56
2021	1	2021	M	1.37E+06	1.13E+06	838930	101002	399409	531121	7166.73	477555	13055.1	28941.1	6866.42	156208	11092	19267.9	81.9178	3256.33	3224.2	83.6657	857.552	11.6416	1732.2
2022	1	2022	B	1.49E+06	1.23E+06	1.00E+06	693814	82163	314904	412211	5326.7	354945	9703.27	21510.6	5103.5	116102	8244.15	14320.9	60.8858	2420.28	2396.4	62.1849	637.379	1296.12
2022	1	2022	M	1.35E+06	1.10E+06	830871	565680	64970.5	245208	307683	3975.97	264939	7242.74	16056	3809.37	86661.5	6153.62	10689.5	45.4465	1806.55	1788.73	46.4162	475.754	967.45